195
966
742
285
540
836
289
61
702
601
396
384
926
485
157
60
665
359
958
66
34
229
86
926
824
732
109
726
982
352
264
166
911
595
274
5
164
957
506
699
110
94
147
25
913
256
136
22
761
708
900
619
602
553
556
923
764
101
151
240
785
691
662
571
409
658
938
495
219
959
522
47
614
828
262
495
862
710
978
618
783
643
972
462
214
197
72
345
765
63
25
276
570
388
464
821
623
4
415
924
59
749
251
112
208
198
300
22
546
260
849
225
735
239
111
855
761
170
841
652
857
476
681
641
240
228
962
827
943
600
686
944
937
421
614
546
538
81
911
428
590
443
600
675
235
805
160
413
208
424
951
710
415
577
806
894
259
659
35
6
595
330
306
992
413
340
348
737
352
197
181
8
944
559
639
915
29
812
269
543
130
67
298
18
729
473
279
346
249
556
147
61
282
43
931
863
25
467
56
159
188
721
210
653
619
565
44
911
745
61
540
130
506
809
772
172
828
869
885
312
849
244
584
14
59
847
87
520
203
939
518
962
331
136
959
226
656
216
935
811
903
108
933
479
756
671
682
588
547
58
278
610
813
756
953
486
476
665
200
157
429
900
245
820
1
355
329
191
357
455
89
344
174
938
407
501
31
939
441
471
854
157
192
317
362
356
920
231
953
25
867
512
659
578
285
23
802
70
501
484
767
58
812
484
888
884
329
154
757
365
494
33
415
590
902
764
790
303
209
919
420
110
382
433
986
613
276
825
419
370
522
646
393
522
54
355
796
807
113
129
420
624
501
967
420
825
938
791
316
868
839
168
200
60
510
690
550
641
755
35
565
597
146
192
187
209
779
387
75
509
130
789
609
17
765
161
651
356
44
247
183
602
622
823
138
513
511
37
711
116
712
865
173
459
912
241
773
736
581
726
587
415
849
359
306
426
915
673
808
945
394
739
14
849
902
491
992
408
415
529
457
398
398
22
849
390
491
389
924
618
555
887
390
491
240
364
425
515
835
948
74
100
51
635
414
517
554
326
60
31
544
81
75
73
376
56
561
158
267
839
289
158
413
667
497
418
424
313
602
190
846
285
941
815
678
316
820
92
221
55
70
314
293
285
62
537
831
950
592
729
174
775
371
592
853
296
881
13
572
647
235
295
136
566
280
555
502
674
607
905
809
264
307
380
145
474
290
827
124
969
732
375
784
985
755
476
177
848
738
906
53
918
775
576
438
214
661
487
527
866
440
648
233
931
4
344
954
30
423
693
597
754
724
32
647
744
585
330
160
900
995
459
834
232
268
875
969
420
927
972
993
312
875
142
407
204
970
360
465
956
583
936
630
666
964
917
872
931
291
529
167
433
64
941
130
938
138
592
599
613
11
297
88
947
209
353
489
440
477
917
88
680
261
979
947
378
445
383
968
414
567
447
520
996
859
950
304
563
234
384
292
176
14
657
913
726
591
658
371
480
392
389
924
127
486
703
168
725
950
30
930
668
600
845
119
107
49
86
14
6
119
122
779
418
518
399
690
367
366
363
429
185
562
832
40
28
238
520
621
795
506
67
574
658
546
514
311
916
568
873
616
970
606
94
495
792
164
497
229
360
680
469
507
220
449
33
992
482
111
707
391
276
74
921
128
959
256
167
2
108
373
934
809
656
552
459
755
368
470
296
634
211
336
686
168
81
10
807
599
774
236
982
631
48
496
100
66
137
257
582
33
64
455
411
540
698
898
952
186
549
904
491
269
949
892
705
183
382
833
542
969
435
435
333
113
30
695
298
193
370
978
989
791
264
98
641
146
352
955
836
409
43
202
369
968
873
16
710
274
385
523
3
773
558
644
102
38
275
116
761
988
328
227
717
82
946
383
77
762
938
949
110
968
84
946
286
498
556
88
145
111
783
330
373
769
358
576
306
90
313
428
894
184
298
919
83
250
15
954
460
964
522
808
957
513
896
376
411
270
92
51
734
551
730
41
558
575
989
636
224
740
744
466
122
611
559
52
532
538
198
20
243
669
860
204
457
225
420
470
704
302
601
518
744
133
127
105
729
698
607
83
219
803
91
427
1
278
8
938
33
716
452
619
265
289
584
841
530
505
278
259
156
430
977
118
503
820
153
22
121
802
681
450
825
246
882
321
579
713
37
678
715
941
621
122
673
125
643
995
150
898
997
403
273
770
890
106
168
993
45
978
85
238
557
207
68
238
8
663
3
549
658
890
764
879
344
997
92
20
987
308
794
276
476
8
812
432
40
207
738
697
131
724
379
815
275
675
51
462
307
418
385
361
881
686
562
74
210
814
53
255
508
821
147
270
706
702
763
476
652
728
324
129
115
712
722
827
630
191
779
665
415
205
905
751
336
902
77
563
170
505
661
704
230
272
55
947
740
951
591
132
231
901
663
382
606
482
588
324
482
526
243
470
859
733
179
688
154
571
508
745
188
873
523
227
745
631
734
746
915
635
713
256
563
495
889
443
902
289
257
640
327
546
743
425
400
506
864
95
88
655
176
504
153
349
914
324
904
890
216
653
317
866
240
43
965
659
544
431
21
994
109
165
104
131
472
312
631
763
521
681
892
22
661
569
34
4
207
31
750
104
61
635
505
61
961
993
784
32
847
93
986
193
176
371
262
335
344
704
820
678
723
36
947
669
201
138
287
807
541
75
716
684
305
321
479
263
575
115
153
94
211
545
351
603
936
85
71
807
72
767
3
808
418
958
136
206
328
745
515
130
747
264
52
931
670
930
900
712
180
397
988
764
12
267
993
693
363
13
189
451
495
319
332
781
539
50
971
578
761
377
371
512
516
147
524
833
11
455
559
667
8
513
238
259
599
345
132
572
225
519
472
345
164
135
668
252
860
550
966
46
549
843
719
664
830
906
345
97
27
90
96
475
407
787
392
192
568
966
626
119
631
642
38
902
163
501
426
94
115
419
267
415
462
392
38
731
625
508
368
447
211
914
975
897
81
404
221
926
272
159
493
370
831
376
582
289
195
20
669
846
348
681
527
508
630
581
84
796
723
105
521
160
56
821
696
673
572
872
789
176
593
788
699
150
258
194
940
90
905
670
453
407
533
7
29
895
440
394
791
647
999
683
499
854
506
697
270
349
998
735
695
864
955
798
188
956
834
818
900
221
465
106
425
985
428
553
66
873
672
609
433
774
804
959
699
533
664
857
938
344
35
531
580
219
594
705
165
91
512
249
266
94
398
221
660
293
686
46
563
692
893
416
29
641
642
535
412
874
746
720
138
276
154
12
875
128
71
341
627
51
74
39
173
35
660
944
766
993
218
123
958
29
101
288
0
182
90
293
258
768
280
743
728
527
108
596
803
743
39
847
147
155
184
814
651
948
969
303
218
396
803
916
322
722
611
93
78
572
970
48
878
108
567
600
454
70
667
87
631
331
264
915
906
430
680
51
434
227
381
728
963
404
945
888
741
742
202
471
464
224
772
444
868
833
381
614
670
537
598
632
167
376
886
282
973
744
124
101
30
926
126
604
256
710
988
924
936
425
507
444
230
59
331
107
973
214
921
436
309
542
909
935
516
933
938
475
840
194
601
462
28
169
679
81
759
241
472
664
146
946
651
289
982
5
744
41
520
397
22
976
100
252
328
718
80
229
113
799
204
733
765
307
666
821
95
126
888
858
746
89
245
47
149
653
763
762
547
280
112
190
604
588
40
207
39
435
803
517
782
587
995
58
139
257
644
395
583
833
401
298
830
365
127
18
42
924
216
809
136
787
559
107
375
492
113
392
672
231
682
178
255
687
666
746
660
402
186
226
341
972
250
376
519
920
326
919
292
850
983
663
438
600
76
655
790
462
260
560
533
154
509
74
305
210
716
630
479
581
352
880
631
803
670
424
751
790
895
63
422
400
369
387
841
238
713
874
250
754
598
799
91
622
878
148
928
518
481
442
9
902
606
819
109
124
528
993
211
199
529
739
408
893
246
349
357
344
49
131
562
288
890
359
714
128
433
280
366
474
160
689
221
520
625
320
404
582
914
799
197
400
946
193
820
356
212
232
53
587
127
152
635
76
267
718
654
205
367
389
367
927
101
794
193
657
366
637
949
225
988
915
724
760
507
853
216
149
996
290
720
814
644
323
443
904
193
909
284
639
180
784
706
464
329
473
910
881
378
417
57
311
76
221
892
100
96
809
781
831
119
862
794
444
391
219
223
264
688
84
580
929
672
765
950
394
334
372
306
627
363
365
251
361
10
100
489
276
245
538
218
276
794
124
535
122
938
402
929
533
799
341
858
1
200
480
477
0
98
952
569
973
995
159
846
466
729
384
856
22
509
884
892
44
93
103
444
616
576
456
941
405
315
794
761
167
176
26
738
24
380
621
684
666
977
614
774
842
119
547
995
33
94
282
223
1
348
933
939
968
501
283
15
571
742
892
492
340
816
798
778
419
248
117
230
393
362
98
665
635
107
158
930
303
729
240
322
179
806
367
276
892
259
636
488
647
519
995
299
494
146
97
999
332
860
146
434
305
107
199
177
981
12
571
320
715
799
63
886
905
544
532
724
423
428
912
733
360
489
190
214
375
251
978
179
356
498
258
463
798
897
635
573
305
133
874
315
871
713
834
342
160
620
938
985
819
560
194
861
975
619
366
33
466
773
355
740
19
848
990
973
529
200
425
553
880
597
87
667
185
535
636
234
203
481
742
870
708
369
539
677
976
970
532
557
198
666
353
260
526
534
242
909
697
584
300
328
635
453
603
95
219
858
36
868
437
624
249
220
488
170
519
885
998
916
392
73
408
195
911
244
756
900
918
551
561
281
368
956
207
17
891
889
267
933
808
200
526
499
678
77
977
565
9
540
8
614
164
91
56
189
634
137
502
43
801
812
223
0
33
916
246
466
438
776
195
40
913
982
765
668
164
113
313
383
229
752
731
722
652
330
185
536
894
594
966
91
696
787
643
988
154
938
977
685
943
25
526
117
724
150
698
211
25
295
100
871
33
642
337
373
568
952
134
943
185
995
501
741
808
550
921
349
465
84
998
357
772
812
777
636
506
469
986
385
261
815
811
128
452
543
369
390
100
47
996
929
727
210
604
39
375
200
816
601
239
75
339
313
644
827
47
728
143
421
525
532
322
256
439
796
479
460
922
759
737
373
334
82
311
619
161
409
558
163
524
494
202
871
769
125
585
138
855
561
116
349
812
233
112
22
388
999
112
765
76
347
340
333
143
554
412
376
939
941
569
737
702
72
696
499
350
948
120
297
223
963
727
847
568
717
246
5
634
528
645
162
576
874
462
219
58
819
533
926
327
918
55
890
740
986
100
136
242
618
722
703
16
300
582
403
602
519
563
510
114
286
206
880
762
128
917
690
821
667
812
773
333
603
737
309
287
59
489
433
760
996
504
213
528
601
314
291
931
384
885
431
383
968
547
138
750
439
606
513
987
460
873
496
826
266
287
695
27
97
553
96
680
562
173
998
320
935
564
710
147
430
20
666
509
8
85
838
865
400
588
546
894
629
929
13
27
471
467
316
700
956
760
717
794
259
216
661
305
35
206
179
37
551
27
798
223
761
194
529
317
830
394
973
865
431
134
101
254
605
510
801
378
850
772
851
714
591
357
589
86
178
824
175
450
72
723
15
321
945
740
606
135
0
610
789
679
941
188
163
916
662
754
187
993
922
108
345
930
965
244
570
544
306
444
28
414
663
440
280
310
327
875
762
347
102
687
538
277
313
183
241
754
276
528
221
103
50
64
919
116
284
402
648
671
405
505
60
507
491
35
757
310
664
77
700
409
964
20
294
727
273
716
285
336
998
284
902
926
917
870
991
683
796
425
238
662
130
94
979
472
629
149
484
202
891
437
77
891
27
266
901
433
874
230
669
799
836
978
287
607
318
115
763
588
187
425
484
250
682
417
517
87
711
716
295
29
557
203
718
400
558
915
455
602
496
625
960
842
32
711
530
746
729
402
543
386
925
728
869
289
933
529
327
286
846
721
991
641
516
566
61
767
123
114
42
950
96
108
930
971
94
605
186
173
118
272
328
540
854
817
75
599
802
313
119
519
765
210
767
602
867
705
869
472
307
735
720
667
712
294
825
989
83
944
756
969
8
362
634
971
42
533
97
44
881
704
56
378
237
547
880
331
136
71
178
332
683
697
758
628
210
560
883
744
139
549
487
744
792
824
569
870
872
520
599
876
312
172
391
463
721
923
576
508
722
931
506
425
31
540
119
858
287
647
99
116
268
423
416
160
296
988
171
749
389
916
526
319
910
444
363
499
278
118
261
722
582
160
302
272
809
243
195
239
724
513
241
266
371
623
672
704
590
281
981
747
893
309
965
404
545
485
338
703
721
506
925
365
167
274
655
272
873
298
794
474
882
437
118
125
529
403
24
716
57
385
872
191
787
925
253
60
760
722
197
406
30
315
811
790
617
728
245
378
444
27
375
300
458
366
97
139
534
594
672
658
700
658
133
393
668
78
342
447
654
527
982
918
4
135
343
703
192
450
549
27
332
160
533
950
483
526
866
261
670
237
306
645
711
799
791
714
673
865
405
548
3
940
785
649
171
679
296
819
967
634
292
327
400
649
734
862
573
266
456
199
747
468
394
213
281
757
197
862
75
114
697
998
639
648
891
471
945
791
220
754
766
780
156
481
291
745
302
644
432
168
503
899
382
652
733
350
664
903
850
455
126
578
667
180
75
211
167
346
29
704
112
183
352
983
730
470
391
316
650
285
602
392
767
299
534
767
251
763
493
442
481
821
153
383
318
555
382
545
708
185
80
547
339
229
866
473
715
983
52
420
772
616
462
287
900
317
281
35
47
408
339
78
377
58
901
724
815
251
311
642
723
971
609
108
810
124
515
407
379
602
64
125
972
23
482
235
457
93
857
811
698
264
529
929
961
335
130
810
350
904
676
552
683
127
142
840
401
98
511
906
262
226
367
582
854
409
723
761
168
484
933
712
798
353
207
692
626
453
459
63
246
736
971
610
708
130
626
122
627
537
258
347
126
754
31
343
554
404
586
881
455
809
146
2
761
21
647
60
808
645
459
561
325
900
256
914
209
387
88
763
565
375
792
903
164
21
466
937
229
830
816
704
192
838
888
229
869
456
818
384
320
637
0
737
511
66
275
51
782
345
539
767
24
749
469
333
452
969
899
687
788
410
752
289
730
39
331
103
567
467
198
590
925
950
844
323
696
252
834
75
347
864
134
336
973
896
903
22
651
86
91
784
881
733
827
744
158
69
713
635
14
506
834
344
172
456
492
548
845
917
430
734
540
833
578
135
209
302
154
268
966
82
304
607
131
462
318
577
821
516
871
519
877
943
661
464
472
187
276
585
362
296
125
951
358
40
785
795
283
103
170
830
345
822
526
295
623
800
350
305
88
897
20
763
384
592
60
591
425
386
705
244
696
987
668
547
46
289
780
674
672
732
471
707
937
506
937
568
637
197
147
299
365
896
789
578
617
482
674
98
403
815
59
921
205
786
880
220
240
769
863
868
201
822
89
188
793
97
631
797
635
319
529
891
368
859
500
509
62
885
472
260
377
313
238
794
262
776
271
774
361
669
13
465
718
352
757
136
822
8
581
327
493
252
666
727
632
538
701
816
407
588
61
665
995
596
848
270
620
666
921
596
252
51
545
60
12
47
348
532
997
25
868
50
990
970
79
366
283
83
950
115
590
418
252
882
914
317
555
678
17
371
605
382
76
966
17
507
994
31
562
260
802
494
139
221
543
44
891
135
52
287
847
253
96
17
869
372
378
372
673
218
44
858
167
115
450
820
388
932
110
721
866
153
946
748
336
534
189
604
325
232
545
76
311
450
506
867
818
660
44
452
13
159
245
225
150
296
844
995
425
993
24
980
682
278
308
789
664
442
825
551
461
77
753
256
122
677
291
562
395
742
66
852
976
279
489
41
667
416
216
719
362
384
531
516
822
478
148
218
805
726
690
22
230
915
826
501
694
293
868
333
855
757
423
525
896
569
570
936
533
686
910
177
804
598
738
528
184
165
556
418
394
321
100
95
669
670
85
603
111
926
889
827
220
896
493
388
638
174
74
432
634
17
791
886
885
934
482
613
683
353
160
980
739
382
438
760
424
44
290
960
411
609
793
125
347
572
891
880
442
591
486
34
558
244
642
311
678
755
6
907
444
957
77
388
783
610
384
121
495
874
155
319
114
166
606
18
237
834
538
763
15
117
554
566
471
604
804
733
848
0
876
488
240
324
119
948
334
818
402
868
242
732
120
774
10
838
983
535
606
28
1
180
879
540
894
758
239
466
64
367
564
939
164
29
176
29
247
969
527
760
477
981
632
776
360
3
183
177
512
715
687
716
61
963
964
91
854
81
807
306
804
729
651
183
859
689
635
915
274
192
548
194
99
694
746
857
55
765
303
170
257
629
306
843
551
185
453
639
624
837
826
936
386
256
2
946
551
272
461
378
820
473
601
208
497
710
523
868
911
644
150
629
559
659
185
145
430
967
877
135
597
495
527
980
795
177
232
547
344
619
397
914
518
713
131
790
129
660
766
346
919
39
400
826
83
19
513
821
114
534
461
309
976
275
845
603
533
622
586
177
37
260
779
902
461
39
289
651
411
816
390
329
375
409
658
369
116
531
756
444
56
522
714
618
639
989
801
489
759
0
99
899
541
315
469
651
917
233
656
294
707
50
923
453
148
764
737
345
111
649
718
128
572
530
281
442
244
127
121
67
682
613
997
917
556
641
45
683
273
413
212
335
563
51
262
308
195
413
194
697
494
734
861
942
924
930
30
528
596
191
118
988
198
522
361
73
489
233
240
281
244
967
553
76
192
784
666
39
329
953
110
861
701
577
863
576
644
917
404
689
251
284
813
855
787
670
30
617
634
872
632
269
328
728
364
327
211
201
14
202
231
512
121
649
485
174
435
253
120
823
9
747
380
951
315
200
653
246
760
208
587
27
579
63
508
409
136
476
621
206
300
861
725
245
705
383
456
752
380
900
419
662
465
735
878
256
445
708
115
304
631
176
925
0
410
953
206
284
139
807
52
863
390
944
285
75
707
279
887
41
911
556
368
948
496
337
726
128
612
700
248
635
702
32
125
329
863
646
487
115
638
79
237
860
18
844
809
687
128
81
753
801
214
45
886
739
276
587
598
945
938
856
775
880
922
222
739
439
773
56
516
336
365
340
758
224
39
273
634
770
155
942
38
591
258
881
558
949
25
817
725
370
638
196
210
900
285
142
816
535
11
344
257
480
240
3
22
276
932
366
797
513
441
562
275
803
862
442
469
904
852
849
3
438
639
305
249
395
238
391
574
758
671
207
434
865
336
163
505
848
546
28
561
345
639
570
348
926
7
382
277
146
853
447
356
892
465
812
409
773
337
285
325
580
511
420
726
521
104
173
229
745
106
542
173
929
186
156
539
78
399
294
551
486
451
7
342
776
355
115
924
263
156
612
646
457
641
625
232
370
839
463
504
454
462
418
887
407
332
959
827
777
285
628
342
316
992
509
16
262
642
364
882
291
442
641
803
724
458
370
163
658
402
609
911
108
587
500
227
890
423
194
433
964
512
853
15
159
594
708
44
746
381
682
623
93
524
385
423
749
839
402
809
639
189
659
535
697
334
312
504
205
437
45
621
282
844
876
329
478
237
587
54
179
221
647
371
582
971
102
418
330
578
201
731
498
349
701
454
531
432
667
584
885
759
290
743
597
527
704
766
728
108
45
255
655
534
19
136
471
496
63
155
344
72
779
224
539
259
686
473
950
740
515
902
413
219
191
538
772
97
359
107
668
198
850
295
253
790
714
849
639
116
554
884
649
264
712
16
612
236
496
109
288
745
48
732
715
374
623
683
695
447
45
266
909
147
832
370
115
183
37
754
745
560
136
405
228
827
433
225
793
513
271
826
84
317
51
702
905
38
462
584
550
142
561
367
726
336
331
582
792
508
155
53
104
922
158
995
596
606
776
561
317
455
975
520
544
705
506
559
276
63
217
431
340
979
968
70
110
232
893
557
823
283
828
794
799
572
510
579
444
304
757
781
759
33
221
259
253
793
444
188
544
377
913
491
669
801
502
154
76
987
212
298
577
130
383
17
52
313
634
154
538
422
623
394
461
537
338
260
135
598
46
879
341
258
224
658
756
564
742
346
214
275
335
298
340
399
944
138
842
786
785
460
874
447
137
614
217
554
697
132
669
21
998
840
959
874
862
249
718
646
20
399
503
397
100
901
648
43
910
600
770
130
537
905
69
289
120
564
201
181
279
358
348
848
94
967
341
62
204
56
91
412
92
420
358
615
837
912
878
745
680
757
182
885
543
737
20
973
239
731
147
496
500
28
390
4
83
860
326
357
180
639
603
30
48
449
942
755
312
457
82
296
633
20
535
155
543
465
795
575
50
668
783
282
276
830
704
49
779
89
142
282
406
876
202
531
482
294
716
46
926
92
75
214
354
248
14
11
624
537
787
409
285
951
509
991
351
282
97
934
410
709
150
870
566
761
325
123
902
600
251
220
156
166
774
630
113
385
402
150
728
255
112
469
397
382
327
968
864
216
739
996
217
31
834
458
50
453
429
757
396
187
278
852
259
431
781
404
590
360
197
801
411
956
260
115
341
442
26
917
173
517
875
216
315
634
47
708
831
570
762
939
553
624
997
957
211
900
222
510
855
222
980
883
851
430
992
14
624
996
607
626
923
104
786
715
786
635
505
896
608
740
386
790
619
61
633
834
908
960
836
655
595
533
36
412
107
593
491
323
590
248
966
930
370
172
998
506
41
202
525
444
180
400
454
368
918
307
238
163
609
729
306
158
591
10
216
159
631
412
761
136
959
942
828
937
953
667
752
495
414
325
26
699
86
840
733
220
515
157
751
346
635
672
852
77
446
419
63
556
21
76
275
165
620
822
922
494
111
34
706
735
20
830
765
967
488
504
379
208
134
974
301
103
315
454
66
582
562
711
174
854
33
419
879
680
669
328
416
906
360
191
906
922
855
644
834
796
303
536
962
561
316
518
763
320
180
58
997
583
368
421
821
532
843
596
935
701
700
558
593
910
609
771
989
148
151
315
401
507
589
578
738
197
843
24
565
138
411
139
490
606
797
303
818
948
549
0
724
433
347
466
789
892
736
605
654
904
974
777
707
976
176
820
178
281
396
531
742
304
536
637
772
919
15
223
641
254
934
440
99
957
69
320
566
354
405
460
367
329
82
368
304
668
552
297
736
42
473
460
243
759
374
640
290
906
396
305
793
548
474
562
374
164
193
404
148
640
139
18
325
710
25
93
552
918
997
432
878
835
554
448
485
488
