724
819
832
631
396
946
83
687
784
593
496
327
749
966
508
741
160
869
315
994
311
662
914
933
694
892
157
850
983
305
871
646
727
495
269
933
113
615
743
304
347
163
852
774
636
91
764
219
536
167
669
494
380
768
727
790
857
68
895
717
358
869
617
533
588
181
691
917
51
22
810
716
487
786
227
86
989
995
658
592
568
178
117
846
150
135
578
488
573
858
494
392
973
950
986
253
33
437
200
881
12
539
673
817
85
64
808
166
524
795
464
870
463
458
456
983
517
578
281
910
306
836
705
981
49
306
922
164
705
333
905
228
821
645
187
141
151
706
787
58
321
251
181
811
283
399
250
404
98
738
891
682
609
290
567
980
906
339
394
254
98
673
496
957
785
921
289
626
815
306
993
998
348
326
197
244
998
580
520
788
821
201
432
60
249
130
169
439
605
780
188
591
735
459
65
394
408
304
839
633
570
381
773
709
236
7
206
652
792
359
694
855
757
878
880
77
572
48
654
393
849
635
946
29
599
615
173
178
351
588
729
213
770
648
131
954
300
362
372
999
618
717
801
475
207
634
381
929
121
920
479
530
138
363
458
163
815
956
178
500
642
173
233
621
366
558
108
327
818
854
742
813
6
357
919
27
43
156
737
621
506
470
929
114
159
323
197
533
583
405
804
581
143
68
612
85
905
81
418
307
555
910
915
510
117
43
871
12
294
86
131
859
522
169
868
161
445
461
114
78
350
466
957
417
256
141
964
820
771
734
330
551
533
728
955
976
48
197
169
913
978
394
101
186
513
401
752
859
266
243
678
838
251
944
805
755
890
621
327
299
676
865
803
447
61
342
556
395
389
747
213
303
196
5
773
381
998
862
889
241
786
851
162
910
784
911
93
335
670
846
31
764
408
185
868
905
4
938
457
329
28
217
738
208
463
673
335
93
530
225
945
111
457
617
187
654
741
929
717
371
400
269
305
998
819
553
266
412
313
417
106
47
207
74
505
716
298
110
766
741
823
39
702
211
668
711
508
144
390
518
543
289
773
705
123
337
74
2
325
325
795
205
578
103
828
321
254
837
61
358
812
648
113
894
72
651
651
83
59
871
905
878
483
712
337
832
310
941
137
27
102
422
139
321
738
168
6
345
896
616
39
421
215
436
780
824
349
574
623
649
241
702
45
855
809
695
702
944
894
306
521
116
759
697
192
686
655
103
879
9
962
488
783
134
192
668
217
964
724
88
188
728
459
80
90
165
733
210
5
951
711
34
275
529
203
408
479
692
271
297
661
998
296
895
694
294
158
740
943
460
39
429
989
734
917
479
15
860
219
881
623
631
252
849
234
334
965
379
982
11
311
237
948
412
3
142
862
34
707
20
978
622
799
391
603
114
654
111
926
51
62
970
130
128
772
861
505
689
337
543
165
658
450
344
274
613
647
506
152
448
841
242
455
335
429
997
695
532
836
873
736
874
207
614
516
706
635
88
216
370
754
741
241
308
731
47
916
319
695
603
540
470
441
145
493
717
783
421
414
313
298
561
99
713
317
306
641
751
925
216
506
560
430
773
705
859
226
118
950
947
214
992
702
999
3
369
313
21
904
160
41
131
329
315
590
669
598
636
953
15
292
621
769
874
239
692
104
241
953
245
557
209
817
36
848
270
610
592
606
796
30
460
896
941
715
328
137
279
870
271
448
128
58
632
147
647
850
353
64
487
40
863
580
960
859
15
811
488
159
924
149
295
858
986
477
176
30
800
697
484
886
194
880
337
567
51
272
464
110
212
559
37
141
237
326
287
885
487
383
700
843
549
680
130
46
745
869
181
176
140
191
854
906
187
227
517
791
917
264
940
681
371
443
312
101
785
624
855
325
894
904
919
874
614
8
179
978
261
385
901
169
421
683
53
516
569
399
417
180
521
967
758
920
881
217
518
869
661
132
506
440
426
96
504
466
375
387
747
768
997
474
822
184
86
813
558
701
178
201
161
764
679
447
944
14
283
62
715
668
583
890
100
519
129
151
782
54
584
132
968
522
25
863
157
843
898
474
634
165
610
546
0
506
242
734
404
364
414
103
131
405
913
127
610
324
269
69
929
781
132
486
466
845
953
960
286
754
148
744
550
904
701
918
313
908
864
816
708
220
447
941
721
336
985
315
466
789
937
242
90
219
944
741
261
602
96
502
445
303
109
67
48
26
265
78
858
858
23
880
114
562
192
427
985
986
683
479
153
963
914
295
759
349
114
603
925
922
899
458
662
692
735
685
65
820
77
35
271
737
281
806
861
236
647
682
27
309
273
748
53
209
781
170
406
789
303
814
991
464
609
171
949
232
622
317
702
84
110
250
822
768
807
913
692
338
789
375
873
106
482
163
540
648
274
465
348
269
377
15
610
918
198
767
735
881
208
90
443
688
20
102
411
622
137
946
642
845
631
247
33
688
821
731
326
858
901
16
880
362
301
869
459
771
539
796
562
32
228
718
625
402
882
597
818
267
198
328
67
502
509
885
312
793
175
733
54
818
801
742
647
460
276
428
895
310
824
137
18
557
418
937
158
964
173
335
212
75
568
642
927
955
639
745
878
750
621
278
144
105
849
725
273
999
138
747
365
884
240
142
926
96
469
181
496
401
11
715
892
169
996
386
322
133
911
428
569
892
514
109
886
339
24
550
237
943
991
760
62
411
892
43
783
595
232
515
855
603
635
405
295
31
169
956
267
884
937
206
465
227
814
660
789
884
14
890
996
503
107
391
836
140
972
595
452
98
170
817
681
139
148
45
244
350
724
896
730
858
347
792
694
345
665
357
171
786
79
346
363
122
60
925
343
656
188
976
94
786
67
205
375
337
495
216
450
127
524
389
912
640
342
369
499
591
226
182
3
979
160
533
134
699
124
627
461
139
431
940
361
269
974
721
257
596
701
649
260
29
163
998
780
134
488
861
551
474
745
470
12
724
238
412
962
66
910
608
942
877
703
214
835
122
420
260
790
962
360
687
664
986
742
662
849
200
762
459
512
334
895
969
14
308
950
885
483
718
261
946
321
20
285
148
712
681
866
750
48
950
363
997
542
50
880
939
213
531
857
397
849
259
347
146
519
990
442
627
694
788
389
52
72
591
163
613
744
75
403
584
434
613
890
532
162
494
984
497
829
794
721
971
898
248
604
742
569
198
484
171
577
277
274
287
19
744
701
151
429
525
712
302
654
865
642
744
938
164
763
860
48
10
361
821
174
624
77
577
836
974
830
251
976
529
297
835
986
276
561
379
444
878
266
518
932
51
327
44
427
86
995
399
398
186
889
448
941
706
413
604
966
670
827
385
722
960
139
816
712
378
878
629
339
398
785
104
485
768
397
514
579
311
547
575
618
205
821
995
20
716
80
221
172
898
276
712
10
35
917
656
4
654
685
857
473
808
938
619
235
938
29
872
239
25
637
434
934
953
622
266
853
947
188
819
83
721
541
78
25
498
578
706
145
372
579
785
200
578
300
988
788
128
364
680
901
897
352
350
598
708
505
3
819
182
575
592
834
103
912
377
818
846
544
111
550
975
653
307
314
466
552
438
647
123
995
807
704
683
418
16
668
769
483
411
795
353
133
592
413
603
213
133
430
56
596
923
677
841
661
133
732
307
940
674
683
745
693
143
686
79
209
689
39
345
658
931
973
459
386
35
257
324
665
342
270
567
21
477
178
292
444
690
432
57
976
310
858
924
403
559
283
823
24
683
727
684
779
265
919
732
322
853
93
106
993
552
741
504
5
2
315
850
604
274
647
77
393
550
191
22
472
119
85
47
593
112
398
461
31
650
889
48
471
508
36
974
789
208
115
158
268
494
608
749
426
445
298
676
348
123
979
404
138
542
828
880
851
882
155
407
91
384
391
598
232
37
934
836
120
233
661
710
962
832
748
691
49
680
685
903
880
456
266
254
264
914
655
301
953
936
566
199
418
597
2
798
455
366
958
425
391
866
18
212
811
146
753
857
891
270
425
584
607
112
565
656
324
652
608
241
537
746
951
587
806
279
426
456
269
863
453
501
453
752
821
812
498
436
373
165
322
473
641
612
687
463
825
905
638
711
387
936
246
57
907
782
181
553
814
186
161
143
30
291
966
275
581
234
315
439
752
780
584
908
398
491
19
629
654
85
856
50
344
529
491
879
97
91
648
200
320
77
305
121
908
189
6
148
808
503
48
750
329
867
969
210
396
119
697
653
784
889
696
345
739
922
467
733
280
796
787
431
921
602
141
326
514
704
928
246
386
926
119
186
2
610
236
924
904
837
714
933
796
687
927
945
239
882
424
138
591
292
205
915
477
787
205
448
323
652
476
697
201
314
982
409
530
462
288
660
952
711
918
904
84
853
608
90
668
387
179
362
78
468
332
51
46
625
206
147
956
604
142
219
17
466
760
788
191
657
92
487
766
77
215
966
80
331
567
370
9
235
884
409
478
343
469
492
447
741
360
109
523
582
776
702
599
891
139
523
691
968
856
588
459
328
21
668
723
460
143
437
656
893
44
266
254
949
82
923
71
308
961
353
219
9
451
50
94
790
509
12
322
720
447
153
970
956
969
137
173
41
167
968
914
601
782
394
878
464
358
80
950
209
219
784
167
899
566
267
654
279
356
464
366
40
66
535
250
841
863
756
790
664
199
876
749
724
358
472
357
596
995
29
65
456
333
998
513
307
213
790
309
873
903
776
754
376
172
645
702
793
879
100
344
276
14
773
791
354
930
389
23
219
255
690
912
853
821
342
773
26
783
81
100
205
0
642
973
248
654
601
870
339
24
113
494
999
335
678
583
162
577
489
558
252
258
606
318
912
101
215
425
531
828
462
448
11
271
929
224
259
251
632
374
765
835
540
500
211
820
987
83
505
563
64
283
799
533
976
497
15
320
627
756
176
172
200
787
354
499
288
829
358
231
223
105
406
336
606
197
855
300
675
415
772
854
96
685
528
814
923
371
834
432
4
953
641
271
849
432
101
272
30
886
341
306
517
658
184
243
949
214
20
257
767
871
991
881
251
201
305
90
20
131
991
526
240
455
629
822
829
712
654
873
237
181
617
815
960
21
403
416
800
443
759
568
42
159
680
563
120
252
82
899
65
49
977
408
9
537
808
624
271
341
923
421
135
338
212
134
208
516
781
563
412
760
158
484
1
907
950
571
715
522
26
880
106
544
315
428
315
166
13
690
99
47
557
266
707
235
31
362
271
986
749
195
744
991
661
868
77
412
856
840
213
492
905
568
714
491
976
560
301
87
690
606
368
448
421
624
569
654
363
234
911
233
985
830
386
139
638
681
95
642
4
342
946
224
722
442
509
792
44
730
304
173
590
139
852
175
321
476
81
191
646
299
297
707
205
449
747
846
210
714
985
487
397
102
644
389
597
227
931
181
627
397
160
18
720
102
880
251
984
705
719
414
467
341
901
446
206
196
480
117
317
578
747
259
543
460
931
553
905
435
269
293
31
380
760
780
533
463
422
716
287
489
689
269
831
52
646
260
153
334
165
288
39
936
657
445
804
591
67
706
653
167
933
977
166
939
855
279
382
701
428
504
730
942
803
738
660
955
309
176
117
452
239
249
172
989
735
706
1
272
941
48
120
163
979
858
216
102
113
339
208
423
415
565
166
7
588
746
559
578
169
121
874
913
176
908
44
213
452
129
266
895
313
18
739
95
882
149
552
247
424
385
494
219
300
246
781
595
662
317
821
875
903
862
933
566
922
915
588
342
695
725
143
741
310
578
228
115
561
720
899
927
456
285
456
777
491
915
317
980
345
983
688
899
742
196
836
691
568
633
665
605
978
187
942
486
167
745
978
659
657
404
749
954
460
448
491
238
223
835
551
438
533
440
857
727
866
387
693
210
288
352
633
209
903
882
342
978
219
371
685
489
52
567
26
725
325
167
873
810
144
295
26
140
814
458
241
630
53
854
972
141
514
765
170
79
872
111
241
247
147
179
230
990
645
918
4
800
886
211
701
630
154
979
24
291
836
32
978
499
580
113
542
295
371
681
344
838
53
602
861
774
471
43
822
724
379
573
468
735
478
675
94
868
487
599
794
527
925
797
689
512
374
960
959
241
356
4
934
47
585
267
101
6
291
520
371
223
513
371
133
158
741
72
635
94
54
765
34
550
952
680
986
67
408
913
11
499
268
942
3
687
45
197
136
125
280
634
131
37
146
431
304
98
678
678
71
885
27
115
612
26
456
807
232
943
351
900
503
2
389
485
720
894
159
921
275
64
931
905
577
35
995
973
798
567
958
125
257
685
674
691
550
720
6
664
549
732
471
197
301
797
915
121
426
949
762
900
56
772
46
635
543
948
414
379
101
387
475
248
355
917
452
561
245
895
823
501
78
508
780
618
619
0
637
807
961
508
11
279
608
732
482
437
603
172
673
502
790
266
150
182
277
343
335
700
953
945
646
993
487
749
435
951
560
999
870
188
234
91
848
892
245
727
141
21
708
813
479
236
195
136
988
699
381
674
409
113
513
295
853
140
729
513
388
648
909
908
637
65
43
815
712
508
323
856
217
222
67
984
755
327
312
722
384
811
422
430
705
209
322
538
827
432
52
856
286
762
168
273
95
121
145
379
498
338
341
803
686
285
281
356
658
434
973
377
680
610
744
51
287
434
570
827
574
252
257
512
619
138
850
25
220
881
582
304
772
778
296
352
51
395
728
953
859
447
257
161
969
364
726
255
588
139
710
516
591
535
207
809
119
850
16
683
736
942
247
412
231
417
281
151
335
462
196
202
65
45
156
167
150
863
481
655
997
711
191
55
986
674
588
844
411
889
69
811
295
435
710
566
417
284
342
735
323
152
769
227
794
515
491
103
234
10
802
610
699
947
430
127
846
676
912
909
911
103
789
716
906
748
284
654
676
351
578
786
56
168
957
403
399
813
75
119
903
670
356
343
755
682
46
44
853
575
784
159
977
383
628
412
623
496
351
821
372
282
495
653
575
784
81
148
341
877
133
889
310
763
133
297
447
662
332
385
154
80
401
538
307
105
245
815
465
739
933
961
349
438
607
118
912
627
909
975
717
191
959
936
139
608
139
748
860
671
986
889
477
492
321
952
590
814
302
201
605
454
510
447
643
121
289
415
335
707
537
786
32
598
839
214
910
518
346
663
719
908
88
597
503
855
464
688
402
167
498
909
799
252
92
119
441
82
881
490
840
702
526
425
223
364
210
939
532
646
885
813
478
612
325
245
480
362
374
92
359
119
864
298
63
350
544
517
298
270
38
525
897
490
281
471
935
492
80
661
112
77
496
130
657
940
471
900
95
20
729
490
517
362
299
946
607
791
153
370
593
829
337
701
437
930
690
287
45
285
689
601
9
178
220
321
424
90
115
859
589
548
97
358
17
12
364
110
16
910
452
326
247
354
121
213
104
893
4
319
434
159
426
226
140
186
348
726
441
677
637
786
127
542
945
749
988
550
318
424
677
59
290
944
679
390
614
541
738
548
973
645
16
707
994
77
536
57
617
427
940
364
436
104
414
876
901
964
695
10
410
858
465
574
153
923
24
183
260
963
127
891
229
770
7
12
825
854
145
560
657
614
71
730
407
638
567
364
260
474
940
416
421
919
669
992
736
593
589
679
336
324
995
528
918
675
457
211
744
737
893
622
683
189
479
403
670
506
229
662
742
95
709
471
451
109
175
526
765
644
569
781
799
49
248
710
587
115
14
309
885
971
985
921
449
629
148
432
545
259
940
433
504
408
73
496
959
623
897
782
68
118
7
842
392
415
465
609
318
167
958
240
857
692
462
732
435
98
484
915
785
276
755
747
396
435
338
619
56
309
456
728
892
640
8
423
993
62
642
856
106
28
470
184
157
10
8
23
302
804
654
874
45
403
110
739
470
560
441
212
41
867
110
917
483
904
198
288
220
765
185
323
501
63
159
128
836
333
3
796
584
612
172
381
617
845
942
523
742
702
605
580
197
310
940
951
899
411
436
660
282
445
154
149
485
99
834
680
413
949
832
686
631
902
736
933
405
309
57
340
195
738
233
900
822
660
272
208
86
451
780
720
83
440
755
32
610
981
530
133
43
855
437
804
815
684
313
81
151
392
747
971
45
176
61
409
529
907
368
805
197
338
695
356
575
21
85
751
379
362
784
778
930
835
127
830
964
951
482
304
915
227
660
393
242
77
555
844
779
213
345
821
164
901
516
167
356
155
122
957
883
755
155
468
990
793
630
360
69
296
13
132
801
373
918
687
236
229
564
126
673
364
367
769
522
211
159
713
531
526
971
198
680
829
3
430
769
324
398
500
225
770
709
530
935
955
482
192
980
572
214
305
995
476
68
309
474
575
86
15
804
799
357
208
933
958
510
331
609
551
167
711
827
990
492
514
692
58
774
915
193
863
63
743
496
949
236
225
219
763
514
308
840
139
366
433
795
20
957
590
60
202
760
903
18
503
739
36
175
368
544
190
867
610
494
555
440
668
741
641
519
500
876
39
863
975
440
817
36
441
247
939
545
936
143
781
384
395
870
103
941
60
987
579
24
234
373
297
392
463
721
490
522
199
536
121
507
18
620
835
933
496
679
243
277
926
729
437
904
152
184
158
980
947
112
38
728
500
940
905
254
806
5
237
832
943
751
432
923
525
38
770
402
857
974
555
426
685
936
198
138
767
945
703
940
863
362
314
343
186
964
882
562
771
801
843
832
728
879
568
128
822
662
252
382
387
547
439
527
147
993
720
685
104
722
175
607
313
477
611
41
6
140
739
22
237
621
994
256
941
844
840
609
63
288
35
467
195
35
523
153
998
993
331
867
509
974
75
634
357
620
494
560
783
738
679
301
337
467
560
6
98
849
530
175
251
783
31
791
927
68
323
824
249
200
626
685
666
885
340
511
758
736
44
214
874
504
542
64
171
257
323
228
831
334
388
60
505
579
595
164
315
294
298
176
71
608
315
9
712
456
972
804
369
178
269
153
839
809
988
271
750
506
942
630
121
191
386
276
574
415
52
453
981
657
168
375
872
739
313
30
594
836
912
621
776
571
758
870
369
48
937
709
211
261
176
55
784
225
717
214
605
332
482
214
474
915
477
780
626
707
87
950
682
913
167
350
191
931
591
957
452
289
258
789
259
278
351
303
207
866
46
498
159
913
753
582
580
422
404
860
452
517
253
931
626
150
186
626
593
34
495
123
802
173
709
580
884
452
80
201
333
131
11
86
479
781
803
399
859
143
829
359
442
626
417
296
470
671
485
568
117
32
251
440
529
64
121
104
303
500
236
923
897
835
976
624
5
336
169
601
451
939
647
711
744
744
270
965
11
598
525
252
699
325
349
865
62
447
841
874
173
892
167
564
909
55
30
49
142
755
775
848
119
84
330
705
886
893
935
161
407
639
835
437
967
675
902
987
324
579
419
682
41
28
168
961
393
839
237
440
275
228
958
415
549
42
739
398
359
712
560
352
41
925
392
546
381
576
795
44
151
386
546
643
48
673
203
760
367
172
141
121
37
458
756
318
896
490
191
284
445
11
166
447
631
95
241
894
625
874
98
178
967
617
241
482
885
635
869
745
86
182
511
12
825
400
435
702
584
595
769
706
294
579
735
243
586
634
379
159
251
632
721
946
709
238
293
77
997
697
624
402
521
608
349
237
566
255
274
473
355
535
888
521
257
238
561
123
621
462
873
119
566
248
322
75
994
83
948
244
33
796
246
745
95
508
135
969
736
712
599
184
560
278
109
17
461
148
843
998
618
767
241
622
780
828
463
475
549
757
844
783
556
457
564
384
672
223
330
538
624
445
61
166
717
601
200
77
642
366
528
508
730
94
77
817
390
798
18
497
878
782
207
764
995
467
418
848
789
588
128
782
847
851
171
915
299
370
449
594
220
648
408
465
749
682
926
631
828
776
830
439
189
995
283
69
845
816
887
158
142
393
458
649
124
49
81
722
789
58
231
134
633
507
462
552
710
53
410
496
350
689
619
306
563
201
27
179
128
867
751
643
324
96
230
50
284
117
619
561
975
526
819
857
911
517
455
267
758
843
605
327
176
143
140
822
380
72
44
220
92
793
218
19
806
787
842
960
536
589
566
218
498
43
449
675
509
870
777
119
251
894
666
750
886
36
585
686
992
293
779
247
167
257
888
703
175
395
926
776
989
199
194
680
648
561
630
671
384
181
544
76
125
590
705
579
56
433
248
77
642
965
950
787
170
341
976
388
619
154
352
910
413
869
43
764
416
243
712
764
324
545
938
262
504
443
913
542
155
678
427
422
641
253
240
629
757
726
780
863
662
313
478
651
259
960
957
4
788
231
698
622
530
839
803
901
560
930
940
262
682
767
582
397
789
287
236
862
127
127
402
85
151
99
653
263
924
757
365
784
298
676
304
829
440
282
491
513
622
581
518
482
563
965
743
189
49
307
615
168
980
969
717
502
488
929
963
337
269
218
813
720
817
12
278
300
813
239
955
364
536
314
341
543
785
669
167
2
467
68
585
360
716
319
592
621
117
870
237
395
384
964
747
298
609
475
960
943
55
275
95
158
281
24
185
110
296
535
247
822
348
485
571
173
891
67
360
829
263
352
295
742
607
525
543
752
628
885
97
580
801
464
352
986
820
418
290
155
139
840
665
419
679
535
158
303
925
358
531
469
909
132
451
571
788
830
793
203
60
663
905
104
740
942
553
521
218
103
980
178
850
101
802
609
798
407
272
699
49
271
771
156
41
503
263
309
807
952
832
40
126
113
383
904
698
711
7
464
1
924
547
687
96
944
397
762
321
896
625
101
514
750
117
353
125
756
532
229
340
100
527
555
131
940
878
519
965
702
845
243
762
548
368
927
565
225
450
563
313
62
403
830
44
784
448
188
849
894
558
292
876
864
303
826
756
28
896
561
874
72
621
954
27
304
286
858
114
390
382
15
710
120
198
829
539
839
201
527
104
593
636
260
984
708
428
849
611
462
167
880
633
765
154
565
362
267
237
377
154
104
443
707
996
594
207
955
32
537
349
297
220
413
809
39
829
710
546
928
31
805
960
971
398
316
621
354
733
598
123
802
294
109
365
312
120
716
660
514
889
591
613
53
452
262
869
289
937
559
458
301
124
621
642
651
609
907
905
611
119
128
938
597
234
350
275
356
671
76
515
56
266
977
933
806
718
104
608
272
216
795
153
29
68
249
495
962
565
671
186
581
371
197
147
349
904
339
847
219
305
519
396
413
813
376
191
87
580
925
320
957
218
306
93
127
661
829
780
346
254
250
789
665
321
740
309
996
858
773
712
398
411
296
777
986
625
844
181
273
480
945
547
372
659
68
744
952
118
574
48
54
433
602
277
858
144
624
955
305
915
405
117
15
38
465
426
293
453
749
821
157
229
74
89
203
182
139
358
830
115
297
704
812
955
50
798
454
968
235
711
599
49
158
827
573
69
538
91
749
149
951
634
768
737
632
247
654
379
901
4
946
94
183
823
740
352
597
676
988
734
316
677
734
531
499
287
972
641
381
437
715
378
231
459
446
4
307
325
542
50
557
853
475
806
817
208
509
657
472
258
432
308
50
54
328
324
51
27
758
816
362
238
783
566
971
424
157
350
364
386
655
727
869
708
965
108
454
711
766
492
944
8
643
839
402
16
239
720
465
318
639
511
755
811
316
110
89
167
71
906
113
248
350
437
156
788
972
17
546
791
791
390
373
854
58
369
704
837
288
235
537
83
243
662
385
710
241
826
213
302
380
343
615
737
410
719
533
759
947
998
515
328
416
380
517
779
640
697
490
269
243
746
576
53
122
657
529
659
87
659
119
142
369
862
651
188
143
891
408
15
361
522
781
688
188
808
86
668
76
485
585
168
41
891
22
169
17
997
64
745
273
631
405
670
738
429
925
194
737
564
222
213
99
859
30
37
787
426
550
403
223
622
442
367
271
700
316
249
363
229
870
851
654
52
427
753
172
257
534
611
860
415
442
54
88
123
745
903
687
713
195
207
802
833
727
805
896
495
15
886
49
113
475
353
305
968
475
616
167
546
674
806
515
196
809
315
179
577
977
987
76
459
426
237
347
536
159
901
232
28
164
609
425
49
958
48
565
868
209
562
93
464
607
156
141
6
826
131
288
173
368
234
14
591
325
432
400
958
594
181
180
874
910
293
565
745
97
352
324
637
334
939
525
386
868
804
967
805
501
528
773
358
431
139
857
253
454
607
956
494
363
155
698
70
374
811
771
144
766
733
564
763
534
364
806
377
730
658
613
181
346
204
69
114
67
313
915
139
914
796
163
313
859
439
529
9
765
945
334
594
589
399
153
787
654
187
872
928
915
639
942
369
613
564
577
261
346
300
368
64
649
847
265
223
374
138
185
582
753
541
544
274
838
240
878
9
125
216
325
940
558
188
166
512
792
997
790
4
528
632
434
801
2
268
799
780
186
462
165
568
83
918
947
863
578
15
739
442
651
683
749
964
415
9
195
185
351
415
683
728
336
153
783
156
519
321
43
648
896
614
438
276
447
523
853
466
73
790
492
17
137
467
288
681
327
78
240
155
733
29
342
51
485
573
201
297
8
368
709
210
13
903
173
435
597
841
98
786
432
626
433
35
869
559
461
639
931
888
668
400
595
386
854
116
452
289
504
335
840
463
892
427
794
133
710
342
720
551
49
545
508
519
439
875
944
787
238
241
626
955
101
379
304
649
433
144
505
444
706
152
511
199
267
950
330
218
791
245
49
931
866
160
49
586
265
941
955
784
359
975
777
564
772
544
679
127
810
227
971
240
433
480
440
801
531
479
881
65
40
989
735
521
9
664
95
508
73
875
915
206
904
906
187
773
125
106
984
63
864
381
767
505
587
232
33
474
105
373
464
695
685
909
968
21
997
878
631
214
233
5
445
202
118
405
798
664
669
56
173
660
507
841
169
505
260
76
981
994
74
515
692
626
541
968
337
460
417
836
484
819
354
49
199
136
480
139
663
842
79
430
379
368
815
607
843
5
904
271
821
554
390
414
856
490
233
153
457
591
183
457
473
819
581
73
546
555
23
304
150
187
551
822
662
414
417
245
110
587
740
740
738
859
314
573
270
916
675
110
831
560
44
466
806
522
129
693
502
409
909
110
408
859
401
158
999
584
124
935
481
208
426
404
625
472
110
95
847
652
802
42
971
802
345
570
736
739
80
528
911
521
247
519
80
539
923
703
530
255
814
767
421
19
975
758
384
405
0
546
946
943
539
850
766
207
33
879
452
725
414
905
874
305
164
228
261
942
484
337
47
679
568
289
383
426
912
700
483
969
351
63
454
158
37
518
100
522
915
580
235
366
309
814
429
739
131
905
712
558
884
65
740
516
50
306
76
403
698
612
766
863
126
716
123
661
143
765
717
13
173
857
855
613
673
113
485
584
528
673
324
660
953
787
192
611
144
926
992
53
388
688
500
524
579
116
157
945
134
926
346
366
114
68
219
179
938
976
999
848
471
848
824
549
408
313
616
32
838
861
178
430
551
515
690
717
203
280
51
998
691
102
62
848
188
165
272
470
101
606
410
516
876
924
745
63
951
630
356
349
354
972
265
592
432
896
628
384
924
736
674
938
128
546
910
717
237
367
147
778
8
182
315
511
791
805
631
317
626
419
624
168
535
68
739
923
368
938
702
736
549
888
613
884
867
309
768
872
14
84
563
716
904
68
407
917
956
295
502
714
417
822
494
910
479
952
463
689
454
375
451
598
459
622
749
84
169
128
470
765
932
89
476
911
212
262
646
449
633
829
565
192
104
457
150
849
421
724
459
859
455
147
868
5
562
169
106
290
110
568
170
561
81
942
976
937
582
106
700
174
671
462
177
723
367
687
373
388
868
321
926
162
976
233
962
45
482
217
928
383
807
418
963
536
482
662
439
507
176
234
618
475
831
103
57
67
131
132
288
596
982
323
515
406
872
727
557
956
9
267
21
252
898
325
751
745
596
649
924
913
210
782
763
278
357
998
745
773
178
444
355
987
214
995
856
35
917
169
350
469
795
245
340
917
270
693
365
921
85
857
826
710
743
838
993
519
796
470
319
426
992
312
614
554
189
588
332
951
715
120
219
401
301
365
825
907
32
820
927
637
819
220
770
656
717
147
93
861
71
901
352
154
867
741
178
50
838
884
100
569
870
998
775
505
990
237
485
884
749
292
474
710
137
321
766
904
249
66
454
666
799
967
126
374
256
558
974
522
783
998
371
135
397
151
170
559
777
226
740
521
913
622
824
861
353
316
605
435
169
769
3
217
865
127
94
796
374
185
738
92
969
421
929
289
387
189
152
716
724
65
6
627
676
145
692
621
515
107
509
751
810
696
384
183
245
353
593
672
53
656
259
989
550
322
909
878
925
563
370
93
987
714
529
522
824
157
62
488
416
766
32
811
50
264
391
343
72
120
803
298
841
876
869
831
24
93
820
21
255
393
932
621
8
472
477
667
7
306
803
335
851
206
207
219
600
817
647
552
962
639
960
765
358
149
190
159
611
150
820
418
191
547
208
135
968
334
273
533
214
238
536
65
127
106
946
664
545
831
532
963
584
345
822
959
895
934
125
218
893
977
239
920
785
973
885
725
480
606
183
734
502
484
756
522
822
80
691
610
134
368
369
499
479
626
375
814
270
868
101
989
694
426
354
335
242
272
279
324
533
759
153
398
976
603
196
645
790
105
314
231
818
780
850
565
136
818
795
810
928
31
561
471
217
265
417
500
84
536
880
556
692
546
897
796
9
574
448
877
426
189
261
600
544
664
721
28
308
430
667
728
294
462
713
215
423
974
923
588
568
419
168
830
543
360
232
218
729
438
829
821
169
299
958
130
294
64
708
428
587
638
440
646
379
927
515
103
670
798
139
672
346
468
662
688
389
840
668
95
741
188
502
149
264
528
458
261
870
927
700
452
223
15
139
195
625
932
924
384
594
36
878
541
384
707
231
392
197
739
239
381
103
913
840
756
772
522
338
397
942
809
181
654
198
517
333
57
16
995
386
954
241
598
519
764
125
460
643
779
791
29
596
173
559
187
50
170
823
151
852
98
332
823
908
422
545
723
339
714
424
158
583
889
457
797
290
0
905
432
376
345
306
263
342
592
13
713
35
212
133
435
329
513
556
849
843
201
918
314
691
456
217
756
421
225
515
399
784
564
620
41
672
600
875
185
618
906
257
213
516
893
756
711
820
77
616
986
335
961
418
811
847
624
104
434
278
995
2
921
737
240
635
993
843
653
580
590
940
907
949
568
399
585
95
60
3
439
35
254
547
915
661
561
153
116
248
410
492
505
954
178
53
344
956
112
825
65
651
436
287
535
838
216
393
416
161
982
328
659
153
553
141
493
98
973
54
137
608
997
109
874
234
80
78
37
642
422
987
938
907
203
436
759
247
785
880
936
85
311
415
643
664
861
205
557
590
1
557
197
550
366
876
807
176
683
122
891
468
472
183
264
453
504
552
697
796
991
28
18
869
397
710
831
404
695
435
874
226
880
943
368
692
561
479
636
458
484
238
700
842
920
59
516
631
943
21
997
381
777
167
18
402
523
378
136
397
809
568
837
397
114
728
779
15
772
42
595
242
970
242
544
974
355
610
494
211
230
542
457
401
706
401
185
715
579
456
133
137
150
59
428
114
706
874
369
207
845
866
357
557
416
990
103
282
384
986
422
839
536
458
909
236
600
478
313
494
985
249
498
136
64
13
446
585
649
253
891
271
51
426
816
932
932
902
219
66
956
542
289
736
108
347
337
976
434
908
650
831
865
984
695
709
749
366
971
27
659
359
158
376
105
611
115
278
761
735
714
416
943
153
447
640
127
857
259
394
477
332
58
242
471
706
915
15
957
316
87
748
160
267
547
960
428
218
934
27
828
609
445
384
967
760
452
4
818
795
350
180
683
140
415
918
849
428
266
349
953
4
848
461
518
849
749
81
667
696
18
510
536
281
628
393
483
185
165
443
812
463
318
413
334
338
279
239
771
533
207
680
711
442
503
856
529
231
772
23
461
137
960
595
815
670
392
903
104
177
88
431
754
241
30
291
929
667
789
531
901
419
242
440
379
696
961
424
155
511
187
142
458
524
235
566
422
629
598
330
183
727
967
244
166
431
890
109
330
972
824
73
223
401
856
568
973
318
514
529
506
714
635
977
578
218
480
263
484
973
902
208
640
616
631
160
556
340
463
484
147
817
413
359
708
861
704
796
338
23
803
723
77
12
575
596
534
705
29
462
300
751
66
604
45
227
91
902
779
615
351
837
388
359
389
606
244
646
46
192
346
621
42
325
234
177
284
200
598
589
692
508
385
769
525
782
940
594
880
338
644
833
319
114
343
459
298
510
800
717
442
948
358
201
485
237
948
299
109
979
616
834
789
203
772
370
195
122
425
714
653
424
781
340
672
772
728
56
556
258
859
52
686
420
920
555
147
19
782
748
969
211
274
256
432
934
559
452
543
281
983
99
28
402
745
330
882
997
80
783
853
786
82
791
994
421
723
866
773
206
124
382
106
613
617
270
57
61
704
747
897
610
563
583
681
245
380
190
459
191
394
832
816
286
236
636
444
757
803
634
57
884
676
12
84
949
815
881
207
550
76
342
9
819
905
377
692
354
427
83
82
691
18
80
913
969
366
503
667
20
999
856
114
507
186
112
40
877
178
924
564
856
749
455
870
892
119
375
139
506
388
787
975
754
790
448
610
68
215
421
781
626
653
462
197
971
435
784
188
57
423
563
230
57
555
462
772
250
519
708
946
48
631
779
528
778
437
526
777
102
902
679
580
107
566
988
670
936
469
965
566
498
192
32
259
239
880
166
623
169
697
555
969
344
756
573
179
786
209
439
351
381
840
226
977
649
206
516
224
394
92
894
42
164
819
625
444
127
708
327
511
444
854
191
352
469
200
310
535
145
775
964
235
767
911
323
686
884
154
845
349
493
593
822
558
826
344
943
342
972
923
430
513
304
381
299
113
161
101
590
753
555
363
899
461
683
889
441
167
928
813
927
55
607
736
970
640
163
780
387
560
683
859
716
766
576
684
522
993
12
409
562
161
264
154
681
598
370
113
408
808
674
365
549
836
658
995
750
138
117
635
898
290
211
89
453
772
101
267
271
548
917
243
261
136
557
918
255
402
396
407
812
370
329
968
260
899
688
37
216
238
494
668
954
84
182
484
461
969
399
59
779
499
768
503
193
231
476
913
192
733
419
258
648
669
204
215
552
624
676
460
785
705
817
917
809
895
783
502
886
540
586
992
406
319
404
730
173
551
798
21
55
704
187
235
219
520
758
837
294
290
618
778
194
387
426
958
992
351
894
739
225
477
534
833
199
84
802
219
414
377
267
142
21
93
808
663
285
923
882
657
410
44
837
654
712
969
837
425
43
293
472
730
599
896
290
263
691
565
528
374
859
42
69
834
745
998
247
545
461
499
447
794
810
118
565
389
605
965
337
774
514
553
186
992
281
599
742
203
963
573
432
324
772
60
557
208
482
746
96
737
869
185
84
116
569
300
757
653
845
981
842
304
203
992
299
323
466
889
529
396
945
556
594
780
574
500
234
65
452
49
574
367
35
166
233
947
361
657
164
474
74
205
996
418
658
775
802
352
298
632
213
233
975
438
519
145
930
609
974
291
461
410
791
514
39
66
429
19
140
497
658
473
812
166
525
145
909
908
801
334
145
570
686
838
602
721
584
878
84
696
507
497
766
784
255
123
916
389
841
676
65
599
797
346
925
729
842
902
469
19
145
202
119
889
842
389
644
824
736
98
448
248
140
912
196
481
629
186
303
202
66
329
688
673
653
605
331
351
895
513
576
392
315
860
858
24
489
705
492
680
437
453
440
314
738
524
519
326
744
158
341
77
163
158
379
86
877
557
967
578
271
477
682
245
556
733
543
731
514
68
666
582
860
222
566
128
950
468
60
65
854
633
821
282
950
71
9
830
24
545
996
799
551
480
202
265
258
566
177
397
298
309
621
275
336
679
763
982
688
675
568
23
148
268
589
213
540
901
880
740
125
429
273
245
909
167
501
393
597
470
106
601
382
131
803
303
48
706
983
358
853
758
338
11
504
954
187
87
130
867
909
966
505
324
56
240
969
155
143
848
409
220
798
933
382
693
954
602
982
648
27
300
314
154
575
483
504
238
762
880
44
274
52
692
856
585
964
704
902
300
380
420
333
805
864
51
152
435
668
346
119
427
638
40
134
518
15
941
687
998
208
513
21
468
992
107
560
40
195
901
783
216
897
991
188
224
331
0
202
159
195
41
882
901
834
874
50
364
790
598
62
366
568
296
758
41
62
619
258
480
985
442
190
39
806
329
611
532
171
774
360
361
501
871
834
474
496
292
197
953
551
280
865
897
684
608
695
283
434
335
671
389
318
537
61
443
887
108
939
143
72
128
691
802
568
289
624
960
203
347
88
441
831
585
568
998
98
845
60
888
542
769
672
933
892
492
792
910
81
200
344
373
463
640
657
347
954
868
181
686
322
288
842
264
667
290
137
596
195
601
155
910
769
823
610
196
327
464
592
245
236
204
213
241
791
30
536
38
598
389
163
860
344
431
660
785
465
8
541
61
612
109
900
960
372
997
877
660
629
461
86
339
99
224
789
513
40
720
87
423
874
191
652
176
469
285
552
183
122
98
514
382
877
932
619
669
668
864
730
947
903
591
166
194
557
910
47
5
510
646
460
137
897
763
101
679
446
934
316
594
390
817
559
588
318
897
85
385
461
791
365
801
313
564
92
179
132
731
832
127
842
323
370
733
79
589
528
870
655
655
767
505
498
731
209
420
205
286
803
133
723
905
238
321
292
446
851
557
726
513
243
683
287
161
502
757
936
244
966
70
451
798
210
391
17
372
536
256
154
276
558
813
526
312
631
454
10
654
751
243
609
221
265
917
237
24
185
78
142
735
157
31
745
913
172
613
979
144
909
282
774
624
198
658
223
572
481
720
81
214
281
825
669
987
655
812
994
48
299
469
835
103
497
793
844
125
378
555
247
481
5
914
567
607
680
940
877
414
445
207
524
254
207
833
898
399
72
638
798
698
447
436
173
259
236
796
534
756
976
18
132
253
65
475
80
211
356
916
942
709
226
799
979
763
932
248
140
25
466
750
100
91
366
295
140
86
922
242
424
209
18
858
260
426
403
114
299
569
513
44
194
686
140
667
169
586
89
275
84
202
707
634
85
549
593
503
601
779
95
704
526
87
189
883
691
966
166
980
303
650
166
424
913
404
941
0
605
679
405
359
505
66
470
207
451
420
379
234
606
442
240
985
95
571
778
989
288
997
344
644
162
197
97
515
312
474
890
993
557
606
792
449
758
834
373
365
428
139
857
215
950
931
976
229
716
48
912
558
335
212
25
774
86
914
142
78
217
23
77
81
261
294
708
514
520
335
355
777
55
542
455
796
975
953
505
284
641
985
29
92
402
524
908
56
825
908
735
386
0
920
992
426
379
32
755
316
788
795
311
939
705
427
561
287
627
404
312
308
374
54
609
111
470
978
58
368
318
375
696
680
758
239
348
649
717
721
536
419
115
866
980
466
858
372
436
532
761
969
104
635
509
512
150
291
290
905
917
202
592
537
273
865
743
987
149
821
181
378
750
457
109
911
73
646
126
793
384
741
698
965
13
878
820
821
396
858
12
332
565
336
913
835
428
475
45
65
14
691
994
882
554
657
173
536
662
230
528
262
163
567
30
436
38
296
591
531
812
227
41
639
222
761
184
364
381
865
522
495
748
178
152
981
156
598
500
370
810
488
13
70
653
437
675
497
744
401
211
400
315
895
167
464
14
847
594
562
399
677
978
885
161
103
142
539
675
230
314
98
454
499
237
38
768
130
182
930
206
819
5
772
252
583
924
860
977
773
520
148
836
536
598
151
142
174
900
38
241
142
366
747
545
707
583
581
622
604
289
26
208
401
322
205
623
628
212
707
319
194
673
314
420
5
625
484
981
224
23
329
345
79
673
211
426
712
441
24
945
83
728
684
685
580
874
343
562
622
168
363
926
168
499
157
799
795
292
576
935
693
235
633
447
705
518
40
465
322
727
162
749
374
279
752
425
988
322
46
66
307
277
575
123
327
830
375
326
210
3
81
56
366
92
792
823
622
685
469
946
849
661
77
238
457
78
625
9
311
112
764
967
713
748
638
681
299
781
200
101
860
763
343
257
357
951
769
670
639
958
700
193
656
790
200
981
308
170
84
15
399
562
163
165
555
126
795
78
384
900
588
262
608
861
359
638
346
177
401
459
284
861
437
963
958
264
622
320
980
318
400
456
631
200
0
104
866
163
903
5
474
567
657
522
779
796
4
52
61
607
400
538
573
655
662
74
867
358
660
38
933
54
668
481
520
351
251
496
899
937
333
128
225
647
379
964
611
462
497
930
16
263
600
981
26
576
677
289
692
248
673
273
610
990
410
321
577
971
487
305
260
217
132
94
483
383
512
73
962
576
123
352
497
309
462
696
936
331
375
453
484
34
120
685
270
370
417
485
422
739
498
970
304
85
427
790
956
552
795
37
260
361
201
368
795
270
826
773
880
843
783
875
836
17
877
871
64
878
843
205
139
389
170
883
775
801
87
854
135
858
382
276
712
475
305
566
693
487
905
87
492
241
836
962
932
220
798
25
365
691
548
134
893
299
611
116
700
923
623
433
468
589
534
240
754
191
733
900
201
836
547
154
476
102
413
100
840
167
533
861
350
785
699
292
785
331
528
403
527
674
352
188
785
508
552
445
757
829
229
755
540
683
723
230
873
950
618
794
67
901
587
771
824
496
607
261
965
910
851
362
518
562
800
561
965
9
973
765
981
438
949
272
380
100
291
664
577
994
315
45
350
265
634
244
301
317
828
633
995
370
609
974
392
246
361
274
866
514
1
970
779
723
682
916
324
327
985
504
105
122
905
990
708
422
83
530
337
961
504
703
451
534
59
314
216
654
204
95
494
122
202
519
51
228
321
303
641
480
677
344
608
146
363
779
738
631
890
555
103
662
958
421
794
554
59
522
546
355
429
844
424
508
438
597
949
768
583
264
256
519
869
430
144
295
519
716
165
273
620
87
218
733
541
584
471
997
695
40
816
172
478
653
477
75
57
406
828
107
976
171
982
454
448
14
188
953
587
638
636
121
763
148
826
372
726
282
281
186
157
77
988
54
788
472
642
351
331
707
454
888
21
510
6
813
688
951
405
663
954
549
773
870
296
683
929
716
450
598
985
778
864
350
431
192
698
831
245
637
146
606
456
818
722
694
626
346
498
557
662
357
205
507
464
905
499
472
959
146
711
548
162
609
841
51
76
387
611
848
378
912
938
599
32
95
283
145
234
995
927
710
295
861
409
753
421
332
12
298
616
847
414
287
326
779
346
79
798
672
396
486
565
977
885
858
899
89
83
608
551
102
910
201
628
629
651
101
965
249
157
357
938
609
463
543
279
987
743
519
60
174
49
64
693
856
340
774
501
274
888
723
116
868
272
338
740
742
813
565
85
270
494
930
637
884
108
325
729
117
632
365
807
238
598
15
176
447
526
742
463
408
328
851
19
73
979
799
477
150
610
247
731
299
641
292
676
94
537
860
144
80
220
502
606
790
261
894
384
418
469
209
291
964
613
137
885
29
639
731
723
162
865
471
361
558
332
880
96
182
723
798
865
896
951
932
37
959
854
638
313
362
190
958
333
809
503
842
111
798
252
108
915
193
48
164
740
858
734
707
99
423
521
648
466
34
383
250
335
946
445
74
512
191
143
648
975
137
530
905
351
651
210
330
809
757
55
492
990
124
7
29
373
476
5
485
367
996
306
372
282
136
265
677
248
786
901
609
103
649
463
767
253
783
551
76
499
706
242
745
884
171
123
257
673
690
70
888
689
157
130
517
349
473
866
583
937
900
96
875
801
983
33
446
442
269
458
407
681
728
705
465
397
726
924
124
653
662
275
141
368
849
500
426
87
74
522
842
812
304
609
480
308
394
900
854
755
284
10
117
169
87
814
838
500
705
437
99
939
39
937
677
515
701
178
848
766
100
893
930
848
189
8
997
221
688
873
370
728
556
184
340
665
620
995
321
215
734
440
53
462
579
473
775
27
222
168
263
273
872
928
506
933
813
232
324
951
397
380
659
333
85
105
397
774
974
760
528
904
928
274
175
38
449
2
507
444
643
92
860
248
238
26
425
293
401
536
730
426
216
187
749
959
104
546
901
270
105
993
367
823
912
903
134
194
789
180
934
62
998
814
765
477
197
438
991
163
296
676
138
42
679
368
345
649
285
683
112
612
18
480
418
917
95
233
495
250
511
305
551
296
468
318
518
535
760
930
470
711
358
348
673
873
91
527
405
588
210
91
533
712
761
691
571
871
198
673
388
646
359
652
984
284
960
834
804
675
72
684
847
211
609
876
447
120
711
264
962
835
74
997
770
951
669
813
908
404
25
947
416
521
213
77
938
751
949
213
424
972
781
462
834
464
141
153
598
820
179
897
191
310
653
782
631
448
856
32
839
817
488
161
827
544
644
854
390
121
566
554
527
716
652
9
133
474
257
823
584
794
199
431
734
30
515
732
476
570
957
66
480
796
883
113
924
992
