199
575
906
56
28
368
164
188
825
935
657
584
398
974
527
574
33
12
788
542
598
945
774
260
48
708
409
332
241
253
277
220
43
844
549
752
79
989
731
507
103
214
815
962
915
281
884
857
931
374
429
759
1
253
642
461
859
353
720
435
598
346
795
275
934
729
439
705
598
578
817
511
112
767
480
472
365
540
468
177
856
554
862
428
223
211
182
793
671
316
64
736
229
905
439
680
344
379
69
317
152
905
626
423
957
444
707
478
822
620
75
414
921
131
150
888
251
310
287
582
599
975
646
166
190
715
525
711
276
320
863
574
34
142
286
948
537
805
408
576
230
826
354
405
308
374
400
255
600
644
400
971
128
13
173
865
247
481
379
715
414
643
466
993
939
829
169
505
757
875
700
110
146
426
189
738
548
555
179
500
127
7
961
280
450
296
324
824
746
480
855
32
518
440
283
828
896
99
460
720
991
142
511
941
731
435
338
802
46
509
177
775
80
237
107
619
47
996
487
776
725
475
85
175
79
495
268
525
446
145
979
154
791
809
429
459
995
648
314
84
852
453
125
997
403
811
610
749
532
972
729
337
289
863
495
243
213
221
968
427
80
939
253
291
851
294
810
854
292
921
518
718
688
43
957
671
298
689
83
187
734
390
29
400
225
91
58
601
815
849
809
726
910
203
840
774
218
981
125
631
58
705
623
279
220
695
226
976
24
412
418
573
33
603
752
772
868
308
805
800
955
866
639
666
607
630
893
891
755
224
564
376
810
825
209
838
585
140
771
89
959
440
489
275
953
276
378
71
226
275
586
752
531
706
516
2
579
351
989
308
852
593
892
772
383
515
647
251
165
246
630
765
898
754
92
254
992
762
479
865
338
520
76
148
164
683
747
699
401
654
197
54
389
379
545
868
430
700
230
715
610
75
204
169
616
695
147
169
712
727
948
62
903
747
34
137
351
186
184
890
497
959
398
762
947
345
991
595
159
526
561
561
113
200
676
952
669
64
140
743
78
27
475
555
139
492
813
245
863
112
755
75
70
33
857
146
267
721
323
528
330
146
183
303
934
266
672
580
452
462
823
369
40
836
272
112
908
30
117
549
394
559
263
582
282
460
48
744
970
464
121
912
499
749
464
937
176
805
177
915
504
887
157
973
375
16
58
515
80
535
13
99
461
760
418
266
688
363
719
897
510
753
546
919
504
843
732
485
809
301
703
44
61
579
509
122
770
749
279
957
153
483
187
592
553
276
135
464
911
373
218
989
392
741
700
171
219
788
659
798
941
501
699
357
869
113
100
388
162
410
590
679
120
313
452
294
533
431
66
200
577
847
63
930
630
556
221
501
538
578
891
603
350
978
220
875
230
747
700
954
321
695
579
864
589
332
511
214
282
1
397
640
495
340
763
893
461
555
144
977
623
871
937
796
248
947
843
833
315
14
575
478
692
993
750
779
149
873
960
525
604
156
885
793
87
322
889
297
307
818
997
162
394
277
298
996
315
327
825
505
718
564
682
200
477
18
743
163
989
701
553
240
372
643
145
468
67
152
396
45
987
907
154
633
278
883
855
338
968
54
527
285
258
267
116
305
976
678
820
873
767
672
705
130
928
227
196
477
376
294
193
7
177
863
443
749
194
41
500
524
888
646
73
17
41
549
806
533
170
208
585
774
728
641
256
901
734
382
247
89
359
787
966
757
125
456
991
666
802
395
21
120
792
15
267
571
758
994
463
38
562
540
966
878
70
616
476
616
270
225
740
735
196
967
249
557
608
688
332
602
995
170
234
103
459
532
759
676
249
181
773
500
260
933
441
741
566
168
324
367
182
707
635
960
584
434
745
594
151
542
759
358
641
697
371
660
4
338
457
996
302
787
849
484
318
847
516
99
427
86
961
197
686
53
956
630
668
275
896
464
482
987
923
81
577
201
707
236
403
911
197
462
713
924
918
51
319
68
452
763
426
286
501
275
211
446
578
384
219
531
705
908
248
224
689
281
851
828
453
830
268
876
653
846
586
742
278
618
214
90
244
761
262
968
29
319
306
968
265
338
69
915
810
798
977
189
238
100
218
934
879
544
867
70
504
597
898
264
485
69
408
730
846
726
179
23
853
266
782
792
966
40
785
789
801
369
287
307
418
824
880
609
708
382
406
857
850
915
295
490
807
114
99
16
652
541
837
690
15
197
115
612
349
676
608
374
793
709
349
486
347
657
481
466
743
296
546
689
876
82
153
736
913
902
863
305
218
231
425
462
50
510
97
340
593
519
627
230
250
492
